1111
1111
























                                                  
                                                    
                                                                                                                                                                    1                       
                                     
111111111     111111111111111111111111111111111111111111111111111111111111111111111111111111111111111111111111111111111111111111111111111111111111111111111111111111111111