11111   
1111   
1111























                                                  
                                                    
                                                                                                                                                                    1                       
                                     
11111111111111111111111111111111111111111111111           111111111111111111111111111111111111111111111111111111111111111111111111111111111111111111111111111111111111111111111111111111